0.3649755750363641 -0.7026342539889762 1.3304132188865347 0.49738985188511137 -0.7673461521561148 0.2049327705087596 -1.6904004229136353 1.6693524577461154 -2.2243856044371335 0.2182279349891131
-1.1006103660097097 1.3229328770892634 -0.3907934306708994 0.4164994856288408 -1.3885520950467622 0.653578803829639 1.224062298306334 -0.5589272192347805 1.1069909956788233 -0.11744828710564138
-0.6117153761055697 1.3168850208783922 -2.078082693996088 -0.29927914725828497 -0.1551835724989493 0.36002350250580434 0.48626282501168977 0.173308418113827 0.3256385654649215 0.12495483802140829
0.909702427698655 0.5403785852906144 0.1493503086957284 -0.5986507071003839 -0.5130822907113695 2.3839216102171106 1.392932244221453 -1.1528479360460389 1.3897776597496627 -1.420923712865272
0.35020097597261207 -0.6531217258275228 0.5801111822924065 0.42662733598916125 0.08617755750421388 -0.1327746559353528 -1.5523695074194874 -0.18010232409084337 -1.7587288490621744 1.2100376245974411
-0.6540815379021743 -0.695622310629763 -0.15231755828139146 -0.9001236444930225 -1.103675678919495 -1.0522892703320292 -0.8768837450738252 0.6265261354970214 0.966992510991697 1.8705267640045176
0.4049729708118736 0.809065281091611 0.2653998746217678 -1.052161723622634 0.8137701791570703 -1.2430812214505955 -0.10275345448819218 -2.02157239853223 -1.4752994322343218 1.6984803598726048
-1.0576972499626656 1.2154493106823552 0.31455944472234504 -1.144896595894862 0.5918592355713134 -1.0918616643754049 -0.13926164582175593 -1.7600480316772156 1.7047102153906366 1.7851658531592391
-0.8733240982620476 2.380070558382638 1.0909751038753241 -1.5036605141514299 1.7099722293152875 1.2130373865173658 -0.8080560703892683 -0.2804097267128497 1.715085003152544 -1.077882051929918
0.43410021974090546 -0.2073663882982473 -0.17507783484670328 -0.06404466581833931 -1.618519752620247 -0.06428475569120859 0.15279234175947973 0.21614201012663006 0.9646117244928938 -1.7136752124417893
